P = 101325, N = 1, X(CU) = 0.2, X(SN) = 0.35, X(TI) = 0.45
4
160
0  Temperature
1  CUSNTI
2  SN5TI6
3  D88_SN3TI5
4  LIQUID
300  0.468762  0.137475  0.393763  0
310  0.468764  0.137467  0.393769  0
320  0.468766  0.137458  0.393776  0
330  0.468767  0.137448  0.393785  0
340  0.468768  0.137435  0.393797  0
350  0.468768  0.137421  0.393811  0
360  0.468766  0.137405  0.393829  0
370  0.468763  0.137386  0.393851  0
380  0.468758  0.137365  0.393877  0
390  0.468751  0.137341  0.393908  0
400  0.468741  0.137315  0.393944  0
410  0.468728  0.137286  0.393986  0
420  0.468711  0.137254  0.394035  0
430  0.46869  0.137219  0.394091  0
440  0.468665  0.137182  0.394154  0
450  0.468634  0.137141  0.394225  0
460  0.468598  0.137097  0.394305  0
470  0.468556  0.13705  0.394394  0
480  0.468507  0.137  0.394493  0
490  0.468451  0.136947  0.394602  0
500  0.468389  0.136891  0.394721  0
510  0.468318  0.136831  0.394851  0
520  0.46824  0.136769  0.394992  0
530  0.468153  0.136703  0.395144  0
540  0.468057  0.136634  0.395308  0
550  0.467953  0.136562  0.395485  0
560  0.467839  0.136488  0.395673  0
570  0.467716  0.13641  0.395874  0
580  0.467583  0.136329  0.396087  0
590  0.467441  0.136246  0.396313  0
600  0.467289  0.13616  0.396552  0
610  0.467127  0.136071  0.396803  0
620  0.466954  0.135979  0.397067  0
630  0.466772  0.135885  0.397343  0
640  0.46658  0.135788  0.397632  0
650  0.466377  0.13569  0.397933  0
660  0.466165  0.135588  0.398247  0
670  0.465943  0.135485  0.398573  0
680  0.46571  0.135379  0.39891  0
690  0.465469  0.135272  0.39926  0
700  0.465217  0.135162  0.399621  0
710  0.464956  0.135051  0.399993  0
720  0.464686  0.134938  0.400376  0
730  0.464406  0.134823  0.400771  0
740  0.464118  0.134707  0.401176  0
750  0.463821  0.134589  0.401591  0
760  0.463515  0.134469  0.402016  0
770  0.463201  0.134349  0.40245  0
780  0.462879  0.134227  0.402894  0
790  0.462549  0.134104  0.403348  0
800  0.462211  0.13398  0.403809  0
810  0.461865  0.133855  0.40428  0
820  0.461513  0.133729  0.404758  0
830  0.461153  0.133602  0.405245  0
840  0.460787  0.133475  0.405738  0
850  0.460414  0.133347  0.406239  0
860  0.460035  0.133218  0.406747  0
870  0.45965  0.133088  0.407262  0
880  0.459259  0.132959  0.407783  0
890  0.458862  0.132829  0.408309  0
900  0.45846  0.132698  0.408842  0
910  0.458053  0.132567  0.40938  0
920  0.45764  0.132437  0.409923  0
930  0.457224  0.132306  0.410471  0
940  0.456802  0.132175  0.411023  0
950  0.456376  0.132043  0.41158  0
960  0.455947  0.131912  0.412141  0
970  0.455513  0.131781  0.412706  0
980  0.455075  0.131651  0.413274  0
990  0.454634  0.13152  0.413846  0
1000  0.45419  0.13139  0.41442  0
1010  0.453742  0.131259  0.414998  0
1020  0.453292  0.13113  0.415578  0
1030  0.452839  0.131  0.416161  0
1040  0.452383  0.130871  0.416746  0
1050  0.451924  0.130743  0.417333  0
1060  0.451464  0.130615  0.417922  0
1070  0.451001  0.130487  0.418512  0
1080  0.450536  0.13036  0.419104  0
1090  0.450069  0.130233  0.419698  0
1100  0.4496  0.130107  0.420292  0
1110  0.44913  0.129982  0.420888  0
1120  0.448659  0.129858  0.421484  0
1130  0.448186  0.129734  0.422081  0
1140  0.447711  0.129611  0.422678  0
1150  0.447236  0.129488  0.423276  0
1160  0.44676  0.129366  0.423874  0
1170  0.446282  0.129245  0.424472  0
1180  0.445804  0.129125  0.42507  0
1190  0  0.269839  0.556149  0.174011
1200  0  0.267684  0.556902  0.175414
1210  0  0.265436  0.557685  0.176878
1220  0  0.263089  0.558502  0.17841
1230  0  0.260632  0.559354  0.180014
1240  0  0.258058  0.560246  0.181696
1250  0  0.255354  0.561182  0.183464
1260  0  0.252509  0.562166  0.185325
1270  0  0.249509  0.563204  0.187286
1280  0  0.246338  0.564303  0.189359
1290  0  0.242978  0.565469  0.191553
1300  0  0.239407  0.566712  0.193881
1310  0  0.235564  0.568035  0.1964
1320  0  0.231487  0.569464  0.199049
1330  0  0.227112  0.571005  0.201883
1340  0  0.222399  0.572676  0.204925
1350  0  0.217301  0.574498  0.208202
1360  0  0.21176  0.576495  0.211746
1370  0  0.205708  0.578697  0.215596
1380  0  0.199061  0.581141  0.219799
1390  0  0.191715  0.583873  0.224412
1400  0  0.183541  0.586951  0.229507
1410  0  0.174378  0.590448  0.235174
1420  0  0.164019  0.594455  0.241526
1430  0  0.152201  0.599091  0.248707
1440  0  0.138584  0.604512  0.256904
1450  0  0.122727  0.610915  0.266358
1460  0  0.104065  0.618557  0.277378
1470  0  0.0818864  0.627759  0.290355
1480  0  0.0553322  0.638905  0.305763
1490  0  0.0234517  0.652411  0.324137
1500  0  0  0.659843  0.340157
1510  0  0  0.652526  0.347474
1520  0  0  0.64474  0.35526
1530  0  0  0.636436  0.363564
1540  0  0  0.627559  0.372441
1550  0  0  0.618047  0.381953
1560  0  0  0.607828  0.392172
1570  0  0  0.596816  0.403184
1580  0  0  0.584912  0.415088
1590  0  0  0.572  0.428
1600  0  0  0.557942  0.442058
1610  0  0  0.542571  0.457429
1620  0  0  0.525689  0.474311
1630  0  0  0.50705  0.49295
1640  0  0  0.486356  0.513644
1650  0  0  0.463233  0.536767
1660  0  0  0.437207  0.562793
1670  0  0  0.407673  0.592327
1680  0  0  0.373839  0.626161
1690  0  0  0.334648  0.665352
1700  0  0  0.288661  0.711339
1710  0  0  0.233857  0.766143
1720  0  0  0.167301  0.832699
1730  0  0  0.0845573  0.915443
1740  0  0  0  1
1750  0  0  0  1
1760  0  0  0  1
1770  0  0  0  1
1780  0  0  0  1
1790  0  0  0  1
1800  0  0  0  1
1810  0  0  0  1
1820  0  0  0  1
1830  0  0  0  1
1840  0  0  0  1
1850  0  0  0  1
1860  0  0  0  1
1870  0  0  0  1
1880  0  0  0  1
1890  0  0  0  1
